{
	"Configuration":{
		"BackEnd": 0,
		"AlgStable": 1,
		"WarmStart": 0,
		"ParallaxVariance": 0.5,
		"RezidualizeGattingTest1": 0.7,
		"RezidualizeGattingTest2": 0.7,
		"RezidualizeFail": 0.9,
		"Velocity": 0.1,
		"AugStateTransfer": 1,
		"NoUpdateNum": 10
	},
	"default": {
		"Camera": {
			"fx":520,
            "fy":520,
            "cx":320,
            "cy":240,
			"fl":0,
            "k1":0,
            "k2":0,
            "k3":0,
            "p1":0,
            "p2":0,
			"cameraDelayTime": -0.05,
			"cameraReadoutTime": 0.025,
			"imageNoiseVariance": 2,
			"cameraDelayRandomWalkVariance": 0,
			"cameraFocalRandomWalkVariance": 0
		},
		"ORBextractor": {
			"nFeatures": 150
		},
		"Imu": {
			"Ts": {
				"rows": 3,
				"cols": 3,
				"data": [
					0,
					0,
					0,
					0,
					0,
					0,
					0,
					0,
					0
				]
			},
			"Tg": {
				"rows": 3,
				"cols": 3,
				"data": [
					1,
					0,
					0,
					0,
					1,
					0,
					0,
					0,
					1
				]
			},
			"Ta": {
				"rows": 3,
				"cols": 3,
				"data": [
					1,
					0,
					0,
					0,
					1,
					0,
					0,
					0,
					1
				]
			},
			"accelerometerBias": {
				"rows": 3,
				"cols": 1,
				"data": [
					0,
					0,
					0
				]
			},
			"gyroscopeBias": {
				"rows": 3,
				"cols": 1,
				"data": [
					0,
					0,
					0
				]
			},
			"globalGravity": {
				"rows": 3,
				"cols": 1,
				"data": [
					0,
					0,
					-9.7936
				]
			},
			"accelerometerVariance": 0.0048836,
			"accelerometerRandomWalkVariance": 0.0125893,
			"gyroscopeVariance": 0.0005309,
			"gyroscopeRandomWalkVariance": 0.0001413,
			"Tcb": {
				"rows": 4,
				"cols": 4,
				"data": [
					0.0006671300000000002,
					-0.9999973,
					-0.00222502,
					-0.0438047,
					-0.99998748,
					-0.00067816,
					0.00495876,
					0.0073946,
					-0.00496025,
					0.00222168,
					-0.99998523,
					-0.00900603,
					0,
					0,
					0,
					1
				]
			}
		},
		"Filter": {
			"maxCameraPoses": 10,
			"maxSLAMFeatures": 10,
			"maxTriangulationIterations": 10
		},
		"Noise": {
			"orientation": {
				"rows": 3,
				"cols": 1,
				"data": [
					0.01,
					0.01,
					1e-9
				]
			},
			"position": {
				"rows": 3,
				"cols": 1,
				"data": [
					1e-8,
					1e-8,
					1e-8
				]
			},
			"velocity": {
				"rows": 3,
				"cols": 1,
				"data": [
					0.04,
					0.04,
					0.04
				]
			},
			"gyroscopeBias": {
				"rows": 3,
				"cols": 1,
				"data": [
					0.0001,
					0.0001,
					0.0001
				]
			},
			"accelerometerBias": {
				"rows": 3,
				"cols": 1,
				"data": [
					0.01,
					0.01,
					0.01
				]
			},
			"Ts": {
				"rows": 3,
				"cols": 3,
				"data": [
					0.0001,
					0.0001,
					0.0001,
					0.0001,
					0.0001,
					0.0001,
					0.0001,
					0.0001,
					0.0001
				]
			},
			"Tg": {
				"rows": 3,
				"cols": 3,
				"data": [
					0.00004,
					0.00004,
					0.00004,
					0.00004,
					0.00004,
					0.00004,
					0.00004,
					0.00004,
					0.00004
				]
			},
			"Ta": {
				"rows": 3,
				"cols": 3,
				"data": [
					0.000004,
					0.000004,
					0.000004,
					0.000004,
					0.000004,
					0.000004,
					0.000004,
					0.000004,
					0.000004
				]
			},
			"focalPoint": {
				"rows": 2,
				"cols": 1,
				"data": [
					6.25,
					6.25
				]
			},
			"opticalCenter": {
				"rows": 2,
				"cols": 1,
				"data": [
					6.25,
					6.25
				]
			},
			"radialDistortion": {
				"rows": 3,
				"cols": 1,
				"data": [
					0.0036,
					0.0036,
					0.0036
				]
			},
			"tangentialDistortion": {
				"rows": 2,
				"cols": 1,
				"data": [
					0.000025,
					0.000025
				]
			},
			"positionOfBodyInCameraFrame": {
				"rows": 3,
				"cols": 1,
				"data": [
					0.0004,
					0.0004,
					0.0004
				]
			},
			"cameraDelayTime": 0.00005,
			"cameraReadoutTime": 0.0009
		}
	},
	"MI6": {
		"Camera": {
			"fx":496.6787,
            "fy":498.6077,
            "cx":308.4384,
            "cy":239.0972,
			"fl":100,
            "k1":0.1023,
            "k2":-0.2057,
            "k3":0.0,
            "p1":0,
            "p2":0,
			"imageNoiseVariance": 3,
			"cameraDelayTime": -0.04931912487170368,
			"cameraReadoutTime": 0.033313
		},
		"Imu": {
			"Tcb": {
				"rows": 4,
				"cols": 4,
				"data": [
					0,
					-1,
					0,
					0,
					-1,
					0,
					0,
					0,
					0,
					0,
					-1,
					0,
					0,
					0,
					0,
					1
				]
			}
		},
		"Noise": {
			"cameraDelayTime": 0.0004,
			"cameraReadoutTime": 0.000004
		}
	},
	"SM-G9350": {
		"Camera": {
			"fx":489.5272,
            "fy":489.6316,
            "cx":310.4343,
            "cy":241.4056,
			"fl":0.2698,
            "k1":0.2471,
            "k2":-0.439,
            "k3":0.0,
            "p1":0,
            "p2":0,
			"imageNoiseVariance": 1,
			"cameraDelayTime": -0.04434849744725557,
			"cameraReadoutTime": 0.033313
		},
		"Imu": {
			"Tcb": {
				"rows": 4,
				"cols": 4,
				"data": [
					0.01688284,
					-0.99984071,
					0.00579075,
					-0.02080189,
					-0.99958241,
					-0.01674208,
					0.0235521,
					-0.00769772,
					-0.0234514,
					-0.00618596,
					-0.99970584,
					0.0045998,
					0,
					0,
					0,
					1
				]
			}
		},
		"Noise": {
			"cameraDelayTime": 0.0004,
			"cameraReadoutTime": 0.000004
		}
	},
	"REDMINOTE4X": {
		"Camera": {
			"fx":502.7112,
            "fy":502.787,
            "cx":325.3434,
            "cy":241.1853,
			"fl":100,
            "k1":0.1363,
            "k2":-0.2497,
            "k3":0.0,
            "p1":0,
            "p2":0,
			"imageNoiseVariance": 1,
			"cameraDelayTime": -0.07654278795679476,
			"cameraReadoutTime": 0.033313
		},
		"Imu": {
			"Tcb": {
				"rows": 4,
				"cols": 4,
				"data": [
					-0.00168471,
					-0.99952796,
					0.03067616,
					-0.02206183,
					-0.99999847,
					0.0016986,
					0.0004268,
					-0.00453705,
					-0.0004787,
					-0.03067539,
					-0.99952928,
					0.00400901,
					0,
					0,
					0,
					1
				]
			}
		},
		"Noise": {
			"cameraDelayTime": 0.0004,
			"cameraReadoutTime": 0.000004
		}
	},
	"PAR-": {
		"Camera": {
			"fx":510.9503,
            "fy":515.2467,
            "cx":320.5972,
            "cy":243.4578,
			"fl":0.3838,
            "k1":-0.0275,
            "k2":0.0475,
            "k3":0.0,
            "p1":0,
            "p2":0,
			"imageNoiseVariance": 1,
			"cameraDelayTime": -0.03015487969910903,
			"cameraReadoutTime": 0.033313
		},
		"Imu": {
			"Tcb": {
				"rows": 4,
				"cols": 4,
				"data": [
					0.01261736,
					-0.99981587,
					-0.01445777,
					0.0489662,
					-0.99991033,
					-0.01268081,
					0.00430526,
					0.02762841,
					-0.0044878,
					0.01440215,
					-0.99988621,
					0.00951361,
					0,
					0,
					0,
					1
				]
			}
		},
		"Noise": {
			"cameraDelayTime": 0.0004,
			"cameraReadoutTime": 0.000004
		}
	},
	"HWI-": {
		"Camera": {
			"fx":509.7104,
            "fy":510.0701,
            "cx":319.6402,
            "cy":250.2617,
			"fl":0.4659,
            "k1":0.0215,
            "k2":-0.1042,
            "k3":0.0,
            "p1":0,
            "p2":0,
			"imageNoiseVariance": 1,
			"cameraDelayTime": -0.050075559662886245,
			"cameraReadoutTime": 0.033313
		},
		"Imu": {
			"Tcb": {
				"rows": 4,
				"cols": 4,
				"data": [
					0.00977288,
					-0.99995224,
					-0.00007449,
					-0.02540461,
					-0.99978241,
					-0.00976985,
					-0.01843056,
					0.02952522,
					0.01842895,
					0.00025459,
					-0.99983014,
					0.00275104,
					0,
					0,
					0,
					1
				]
			}
		},
		"Noise": {
			"cameraDelayTime": 0.0004,
			"cameraReadoutTime": 0.000004
		}
	},
	"MIX2": {
		"Camera": {
			"fx":494.5038,
            "fy":494.6768,
            "cx":317.4806,
            "cy":239.907,
			"fl":0.7998,
            "k1":0.1529,
            "k2":-0.3394,
            "k3":0.0,
            "p1":0,
            "p2":0,
			"imageNoiseVariance": 1,
			"cameraDelayTime": -0.05512249072557956,
			"cameraReadoutTime": 0.033313
		},
		"Imu": {
			"Tcb": {
				"rows": 4,
				"cols": 4,
				"data": [
					-0.00539569,
					-0.99996124,
					-0.00695671,
					0.03898369,
					-0.9999818,
					0.00541433,
					-0.00266291,
					-0.0005048,
					0.00270048,
					0.00694221,
					-0.99997226,
					0.00064609,
					0,
					0,
					0,
					1
				]
			}
		},
		"Noise": {
			"cameraDelayTime": 0.0004,
			"cameraReadoutTime": 0.000004
		}
	},
	"JSN-": {
		"Camera": {
			"fx":502.0073,
            "fy":501.4427,
            "cx":320.8626,
            "cy":242.7785,
			"fl":100,
            "k1":-0.019,
            "k2":0.0949,
            "k3":0.0,
            "p1":0,
            "p2":0,
			"imageNoiseVariance": 1,
			"cameraDelayTime": -0.03464116173630431,
			"cameraReadoutTime": 0.033313
		},
		"Imu": {
			"Tcb": {
				"rows": 4,
				"cols": 4,
				"data": [
					-0.02032769,
					-0.99969944,
					-0.01370483,
					0.01048935,
					-0.99977305,
					0.02041278,
					-0.00609721,
					-0.00069598,
					0.00637513,
					0.01357778,
					-0.99988749,
					-0.00201078,
					0,
					0,
					0,
					1
				]
			}
		},
		"Noise": {
			"cameraDelayTime": 0.0004,
			"cameraReadoutTime": 0.000004
		}
	},
	"BKL-": {
		"Camera": {
			"fx":505.0782,
            "fy":509.3115,
            "cx":322.6452,
            "cy":241.8963,
			"fl":0.2517,
            "k1":-0.0049,
            "k2":0.0064,
            "k3":0.0,
            "p1":0,
            "p2":0,
			"imageNoiseVariance": 1,
			"cameraDelayTime": -0.03700172434537172,
			"cameraReadoutTime": 0.033313
		},
		"Imu": {
			"Tcb": {
				"rows": 4,
				"cols": 4,
				"data": [
					0.00881309,
					-0.99993369,
					-0.00741316,
					0.01951651,
					-0.99971604,
					-0.00864655,
					-0.02220544,
					0.01308305,
					0.02213987,
					0.00760675,
					-0.99972594,
					-0.00013215,
					0,
					0,
					0,
					1
				]
			}
		},
		"Noise": {
			"cameraDelayTime": 0.0004,
			"cameraReadoutTime": 0.000004
		}
	},
	"COR-": {
		"Camera": {
			"fx":486.2995,
            "fy":490.4335,
            "cx":318.2678,
            "cy":245.6784,
			"fl":1.1981,
            "k1":0.0899,
            "k2":-0.1621,
            "k3":0.0,
            "p1":0,
            "p2":0,
			"imageNoiseVariance": 1,
			"cameraDelayTime": -0.030888753895403815,
			"cameraReadoutTime": 0.033313
		},
		"Imu": {
			"Tcb": {
				"rows": 4,
				"cols": 4,
				"data": [
					0.00724066,
					-0.99989665,
					-0.0124201,
					0.04333502,
					-0.99990166,
					-0.00738875,
					0.01191983,
					0.02299199,
					-0.01201036,
					0.01233257,
					-0.99985182,
					0.00490334,
					0,
					0,
					0,
					1
				]
			}
		},
		"Noise": {
			"cameraDelayTime": 0.0004,
			"cameraReadoutTime": 0.000004
		}
	},
	"EVR-": {
		"Camera": {
			"fx":490.333588,
            "fy":490.318059,
            "cx":322.42948,
            "cy":240.179781,
            "k1":0,
            "k2":0,
            "k3":0,
            "p1":0,
            "p2":0,
			"cameraReadoutTime": 0.023903
		},
		"Imu": {
			"Tcb": {
				"rows": 4,
				"cols": 4,
				"data": [
					-0.00694,
					-0.999976,
					0.000365,
					0.023687,
					-0.999958,
					0.006937,
					-0.005973,
					0.021854,
					0.005971,
					-0.000407,
					-0.999982,
					-0.004433,
					0,
					0,
					0,
					1
				]
			}
		}
	},
	"STF-": {
		"Camera": {
			"fx":536.2233,
            "fy":533.8611,
            "cx":320.3235,
            "cy":243.2774,
			"fl":0.7516,
            "k1":0.0275,
            "k2":-0.0611,
            "k3":0.0,
            "p1":0,
            "p2":0,
			"imageNoiseVariance": 1,
			"cameraDelayTime": -0.01989481100882303,
			"cameraReadoutTime": 0.033313
		},
		"Imu": {
			"Tcb": {
				"rows": 4,
				"cols": 4,
				"data": [
					-0.0174335,
					-0.9998459,
					-0.00206017,
					0.00627737,
					-0.9997742,
					0.01740714,
					0.01218739,
					0.02050958,
					-0.01214965,
					0.00227218,
					-0.99992361,
					0.01110942,
					0,
					0,
					0,
					1
				]
			}
		},
		"Noise": {
			"cameraDelayTime": 0.0004,
			"cameraReadoutTime": 0.000004
		}
	},
	"ONEPLUSA6000": {
		"Camera": {
			"fx":502.0073,
            "fy":501.4427,
            "cx":320.8626,
            "cy":242.7785,
			"fl":0.9249,
            "k1":-0.019,
            "k2":0.0949,
            "k3":0.0,
            "p1":0,
            "p2":0,
			"imageNoiseVariance": 1,
			"cameraDelayTime": -0.017663083971857705,
			"cameraReadoutTime": 0.033313
		},
		"Imu": {
			"Tcb": {
				"rows": 4,
				"cols": 4,
				"data": [
					0.0003675,
					-0.99991814,
					-0.01278964,
					0.00756166,
					-0.99999991,
					-0.0003647,
					-0.00022116,
					0.00827702,
					0.00021648,
					0.01278972,
					-0.99991818,
					-0.08674267,
					0,
					0,
					0,
					1
				]
			}
		},
		"Noise": {
			"cameraDelayTime": 0.0004,
			"cameraReadoutTime": 0.000004
		}
	},
	"ONEPLUSA5010": {
		"Camera": {
			"fx":519.3806,
            "fy":518.82875,
            "cx":322.0335,
            "cy":238.5244,
			"fl":0,
            "k1":0.1145,
            "k2":-0.2379,
            "k3":0.0,
            "p1":0,
            "p2":0,
			"imageNoiseVariance": 1,
			"cameraDelayTime": -0.025496037657620298,
			"cameraReadoutTime": 0.033313
		},
		"Imu": {
			"Tcb": {
				"rows": 4,
				"cols": 4,
				"data": [
					0.00946409,
					-0.99994676,
					0.00411199,
					0.03354492,
					-0.99990146,
					-0.00950614,
					-0.01033007,
					0.02462781,
					0.01036861,
					-0.00401382,
					-0.99993819,
					0.00585476,
					0,
					0,
					0,
					1
				]
			}
		},
		"Noise": {
			"cameraDelayTime": 0.0004,
			"cameraReadoutTime": 0.000004
		}
	},
	"ONEPLUSA5000":{
		"Camera":{
			"fx": 516.4463,
			"fy": 515.8292,
			"cx": 321.5121,
			"cy": 235.6935,
			"fl": 0.2262,
			"k1": 0.1136,
			"k2": -0.2386,
			"k3":0,
			"p1":0,
			"p2":0,
			"imageNoiseVariance":1,
			"cameraDelayTime": -0.0213254942210072,
			"cameraReadoutTime":0.033313
		},
		"Imu":{
			"Tcb":{
			"rows":4,
			"cols":4,
			"data":[
					-0.00605506,
					-0.99989693,
					-0.0130179,
					0.00230919,
					-0.99989103,
					0.00622927,
					-0.01338363,
					0.03124287,
					0.01346335,
					0.01293544,
					-0.99982569,
					0.00836547,
					0,
					0,
					0,
					1
				]
			}
		},
		"Noise":{
			"cameraDelayTime":0.0004,
			"cameraReadoutTime":0.000004
		}
	},
	"MHA-": {
		"Camera": {
			"fx": 532.6677,
			"fy": 532.3616,
			"cx": 321.7535,
			"cy": 243.2154,
			"fl": 0.6316,
			"k1": 0.0264,
			"k2": -0.0628,
			"k3": 0,
			"p1": 0,
			"p2": 0,
			"imageNoiseVariance": 1,
			"cameraDelayTime": -0.05127374499591751,
			"cameraReadoutTime": 0.033313
		},
		"Imu": {
			"Tcb": {
				"rows": 4,
				"cols": 4,
				"data": [
					0.00163412,
					-0.9999582,
					0.00899563,
					-0.03781101,
					-0.99998004,
					-0.00157913,
					0.00611697,
					0.00631357,
					-0.00610251,
					-0.00900545,
					-0.99994083,
					0.00320698,
					0,
					0,
					0,
					1
				]
			}
		},
		"Noise": {
			"cameraDelayTime": 0.0004,
			"cameraReadoutTime": 0.000004
		}
	},
	"OS105": {
		"Camera": {
			"fx": 522.2455,
			"fy": 523.4999,
			"cx": 316.2174,
			"cy": 242.7267,
			"fl": 0.3361,
			"k1": -0.0088,
			"k2": 0.0379,
			"k3": 0,
			"p1": 0,
			"p2": 0,
			"imageNoiseVariance": 1,
			"cameraDelayTime": -0.01952745379630164,
			"cameraReadoutTime": 0.033313
		},
		"Imu": {
			"Tcb": {
				"rows": 4,
				"cols": 4,
				"data": [
					0.00469977,
					-0.99996849,
					0.0063976,
					-0.00524617,
					-0.9999875,
					-0.00468875,
					0.0017363,
					0.01996577,
					-0.00170625,
					-0.00640568,
					-0.99997803,
					0.00829923,
					0,
					0,
					0,
					1
				]
			}
		},
		"Noise": {
			"cameraDelayTime": 0.0004,
			"cameraReadoutTime": 0.000004
		}
	},
	"MI5":{
		"Camera":{
			"fx": 516.5718,
			"fy": 515.9796,
			"cx": 321.3795,
			"cy": 237.8467,
			"fl": 100,
			"k1": 0.135,
			"k2": -0.3036,
			"k3":0,
			"p1":0,
			"p2":0,
			"imageNoiseVariance":6,
			"cameraDelayTime": -0.06286318167492554,
			"cameraReadoutTime":0.033313
		},
		"Imu":{
			"Tcb":{
			"rows":4,
			"cols":4,
			"data":[
					0,
					-1,
					0,
					0,
					-1,
					0,
					0,
					0,
					0,
					0,
					-1,
					0,
					0,
					0,
					0,
					1
				]
			}
		},
		"Noise":{
			"cameraDelayTime":0.0004,
			"cameraReadoutTime":0.000004
		}
	},
	"MI5SPLUS": {
		"Camera": {
			"fx": 490.3713,
			"fy": 491.5576,
			"cx": 321.0106,
			"cy": 249.1495,
			"fl": 0,
			"k1": 0.0866,
			"k2": -0.1487,
			"k3": 0,
			"p1": 0,
			"p2": 0,
			"imageNoiseVariance": 1,
			"cameraDelayTime": -0.02219237178376393,
			"cameraReadoutTime": 0.033313
		},
		"Imu": {
			"Tcb": {
				"rows": 4,
				"cols": 4,
				"data": [
					-0.0053026,
					-0.999749,
					0.02176743,
					-0.02061424,
					-0.99978151,
					0.00574039,
					0.02009922,
					-0.01424766,
					-0.02021913,
					-0.0216561,
					-0.999561,
					0.00799386,
					0,
					0,
					0,
					1
				]
			}
		},
		"Noise": {
			"cameraDelayTime": 0.0004,
			"cameraReadoutTime": 0.000004
		}
	},
	"MI6X": {
		"Camera": {
			"fx": 524.8556,
			"fy": 526.8561,
			"cx": 324.4722,
			"cy": 244.4299,
			"fl": 100,
			"k1": 0.0984,
			"k2": -0.1732,
			"k3": 0,
			"p1": 0,
			"p2": 0,
			"imageNoiseVariance": 1,
			"cameraDelayTime": -0.10615277736356626,
			"cameraReadoutTime": 0.033313
		},
		"Imu": {
			"Tcb": {
				"rows": 4,
				"cols": 4,
				"data": [
					0.00721184,
					-0.9999739,
					-0.00042473,
					0.04507843,
					-0.99997374,
					-0.00721154,
					-0.0007113,
					-0.01390191,
					0.00070821,
					0.00042985,
					-0.99999966,
					0.00487549,
					0,
					0,
					0,
					1
				]
			}
		},
		"Noise": {
			"cameraDelayTime": 0.0004,
			"cameraReadoutTime": 0.000004
		}
	},
	"MI8": {
		"Camera": {
			"fx": 499.2402,
			"fy": 499.3298,
			"cx": 321.7186,
			"cy": 240.2558,
			"fl": 0.991,
			"k1": 0.1996,
			"k2": -0.4725,
			"k3": 0,
			"p1": 0,
			"p2": 0,
			"imageNoiseVariance": 1,
			"cameraDelayTime": -0.046091827455941384,
			"cameraReadoutTime": 0.033313
		},
		"Imu": {
			"Tcb": {
				"rows": 4,
				"cols": 4,
				"data": [
					0.00014042,
					-0.9999994,
					-0.00108438,
					0.01805595,
					-0.9999956,
					-0.00014363,
					0.00296169,
					-0.01052522,
					-0.00296185,
					0.00108396,
					-0.99999503,
					0.00576193,
					0,
					0,
					0,
					1
				]
			}
		},
		"Noise": {
			"cameraDelayTime": 0.0004,
			"cameraReadoutTime": 0.000004
		}
	},
	"MIX2S": {
		"Camera": {
			"fx": 502.9404,
			"fy": 503.4228,
			"cx": 319.1708,
			"cy": 245.6505,
			"fl": 0.9177,
			"k1": 0.1834,
			"k2": -0.4295,
			"k3": 0,
			"p1": 0,
			"p2": 0,
			"imageNoiseVariance": 1,
			"cameraDelayTime": -0.06958258746829964,
			"cameraReadoutTime": 0.033313
		},
		"Imu": {
			"Tcb": {
				"rows": 4,
				"cols": 4,
				"data": [
					0.00570855,
					-0.99994295,
					-0.00902838,
					0.0390511,
					-0.99997804,
					-0.00573868,
					0.00331454,
					-0.00244941,
					-0.00336616,
					0.00900926,
					-0.99995375,
					0.0133707,
					0,
					0,
					0,
					1
				]
			}
		},
		"Noise": {
			"cameraDelayTime": 0.0004,
			"cameraReadoutTime": 0.000004
		}
	},
	"PADM00": {
		"Camera": {
			"fx": 688.9135,
			"fy": 688.2917,
			"cx": 316.2567,
			"cy": 240.8731,
			"fl": 100,
			"k1": 0.1885,
			"k2": -0.545,
			"k3": 0,
			"p1": 0,
			"p2": 0,
			"imageNoiseVariance": 1,
			"cameraDelayTime": -0.07862752646888213,
			"cameraReadoutTime": 0.033313
		},
		"Imu": {
			"Tcb": {
				"rows": 4,
				"cols": 4,
				"data": [
					-0.02398619,
					-0.99971159,
					-0.00117896,
					0.04404771,
					-0.99970825,
					0.02398272,
					0.00287124,
					0.02848709,
					-0.00284214,
					0.00124749,
					-0.99999518,
					0.01165592,
					0,
					0,
					0,
					1
				]
			}
		},
		"Noise": {
			"cameraDelayTime": 0.0004,
			"cameraReadoutTime": 0.000004
		}
	},
	"OPPOA59S": {
		"Camera": {
			"fx": 654.7058,
			"fy": 654.8328,
			"cx": 322.6817,
			"cy": 238.1408,
			"fl": 100,
			"k1": 0.0964,
			"k2": -0.2516,
			"k3": 0,
			"p1": 0,
			"p2": 0,
			"imageNoiseVariance": 1,
			"cameraDelayTime": -0.08108224712565769,
			"cameraReadoutTime": 0.033313
		},
		"Imu": {
			"Tcb": {
				"rows": 4,
				"cols": 4,
				"data": [
					0.00165497,
					-0.99979367,
					-0.02024539,
					0.04322557,
					-0.99996658,
					-0.00181665,
					0.00797064,
					0.03254149,
					-0.00800578,
					0.02023152,
					-0.99976327,
					0.00743652,
					0,
					0,
					0,
					1
				]
			}
		},
		"Noise": {
			"cameraDelayTime": 0.0004,
			"cameraReadoutTime": 0.000004
		}
	},
	"OPPOR9M": {
		"Camera": {
			"fx": 483.6367,
			"fy": 483.0407,
			"cx": 318.3875,
			"cy": 242.104,
			"fl": 100,
			"k1": 0.0667,
			"k2": -0.1164,
			"k3": 0,
			"p1": 0,
			"p2": 0,
			"imageNoiseVariance": 1,
			"cameraDelayTime": -0.07294762757206356,
			"cameraReadoutTime": 0.033313
		},
		"Imu": {
			"Tcb": {
				"rows": 4,
				"cols": 4,
				"data": [
					-0.01182454,
					-0.99993006,
					0.00025399,
					0.03966929,
					-0.99982381,
					0.01182698,
					0.01457623,
					0.01873422,
					-0.01457821,
					-0.00008159,
					-0.99989373,
					-0.00268355,
					0,
					0,
					0,
					1
				]
			}
		},
		"Noise": {
			"cameraDelayTime": 0.0004,
			"cameraReadoutTime": 0.000004
		}
	},
	"OPPOR9TM": {
		"Camera": {
			"fx": 483.6367,
			"fy": 483.0407,
			"cx": 318.3875,
			"cy": 242.104,
			"fl": 100,
			"k1": 0.0667,
			"k2": -0.1164,
			"k3": 0,
			"p1": 0,
			"p2": 0,
			"imageNoiseVariance": 1,
			"cameraDelayTime": -0.07294762757206356,
			"cameraReadoutTime": 0.033313
		},
		"Imu": {
			"Tcb": {
				"rows": 4,
				"cols": 4,
				"data": [
					-0.01182454,
					-0.99993006,
					0.00025399,
					0.03966929,
					-0.99982381,
					0.01182698,
					0.01457623,
					0.01873422,
					-0.01457821,
					-0.00008159,
					-0.99989373,
					-0.00268355,
					0,
					0,
					0,
					1
				]
			}
		},
		"Noise": {
			"cameraDelayTime": 0.0004,
			"cameraReadoutTime": 0.000004
		}
	},
	"OPPOR11T": {
		"Camera": {
			"fx": 546.457,
			"fy": 546.8861,
			"cx": 321.4927,
			"cy": 242.9538,
			"fl": 100,
			"k1": 0.1463,
			"k2": -0.4046,
			"k3": 0,
			"p1": 0,
			"p2": 0,
			"imageNoiseVariance": 1,
			"cameraDelayTime": -0.08235926444136267,
			"cameraReadoutTime": 0.033313
		},
		"Imu": {
			"Tcb": {
				"rows": 4,
				"cols": 4,
				"data": [
					0.0104143,
					-0.99994042,
					-0.00326984,
					0.02918145,
					-0.99994211,
					-0.01042305,
					0.00267142,
					0.01365565,
					-0.00270534,
					0.00324183,
					-0.99999109,
					0.00482402,
					0,
					0,
					0,
					1
				]
			}
		},
		"Noise": {
			"cameraDelayTime": 0.0004,
			"cameraReadoutTime": 0.000004
		}
	},
	"OPPOR11": {
		"Camera": {
			"fx": 546.457,
			"fy": 546.8861,
			"cx": 321.4927,
			"cy": 242.9538,
			"fl": 100,
			"k1": 0.1463,
			"k2": -0.4046,
			"k3": 0,
			"p1": 0,
			"p2": 0,
			"imageNoiseVariance": 1,
			"cameraDelayTime": -0.08235926444136267,
			"cameraReadoutTime": 0.033313
		},
		"Imu": {
			"Tcb": {
				"rows": 4,
				"cols": 4,
				"data": [
					0.0104143,
					-0.99994042,
					-0.00326984,
					0.02918145,
					-0.99994211,
					-0.01042305,
					0.00267142,
					0.01365565,
					-0.00270534,
					0.00324183,
					-0.99999109,
					0.00482402,
					0,
					0,
					0,
					1
				]
			}
		},
		"Noise": {
			"cameraDelayTime": 0.0004,
			"cameraReadoutTime": 0.000004
		}
	},
	"PACT00": {
		"Camera": {
			"fx": 656.127,
			"fy": 656.516,
			"cx": 316.7869,
			"cy": 243.5479,
			"fl": 100,
			"k1": 0.0282,
			"k2": -0.0209,
			"k3": 0,
			"p1": 0,
			"p2": 0,
			"imageNoiseVariance": 1,
			"cameraDelayTime": -0.07163726159951876,
			"cameraReadoutTime": 0.033313
		},
		"Imu": {
			"Tcb": {
				"rows": 4,
				"cols": 4,
				"data": [
					-0.00792576,
					-0.99953062,
					-0.02959246,
					0.04353505,
					-0.99992837,
					0.00765657,
					0.00919912,
					0.0145186,
					-0.00896823,
					0.02966325,
					-0.99951972,
					0.00334621,
					0,
					0,
					0,
					1
				]
			}
		},
		"Noise": {
			"cameraDelayTime": 0.0004,
			"cameraReadoutTime": 0.000004
		}
	},
	"PACM00": {
		"Camera": {
			"fx": 656.127,
			"fy": 656.516,
			"cx": 316.7869,
			"cy": 243.5479,
			"fl": 100,
			"k1": 0.0282,
			"k2": -0.0209,
			"k3": 0,
			"p1": 0,
			"p2": 0,
			"imageNoiseVariance": 1,
			"cameraDelayTime": -0.07163726159951876,
			"cameraReadoutTime": 0.033313
		},
		"Imu": {
			"Tcb": {
				"rows": 4,
				"cols": 4,
				"data": [
					-0.00792576,
					-0.99953062,
					-0.02959246,
					0.04353505,
					-0.99992837,
					0.00765657,
					0.00919912,
					0.0145186,
					-0.00896823,
					0.02966325,
					-0.99951972,
					0.00334621,
					0,
					0,
					0,
					1
				]
			}
		},
		"Noise": {
			"cameraDelayTime": 0.0004,
			"cameraReadoutTime": 0.000004
		}
	},
	"PBEM00": {
		"Camera": {
			"fx": 491.1509,
			"fy": 491.5723,
			"cx": 323.0872,
			"cy": 249.4267,
			"fl": 1.7731,
			"k1": 0.0236,
			"k2": 0.0027,
			"k3": 0,
			"p1": 0,
			"p2": 0,
			"imageNoiseVariance": 1,
			"cameraDelayTime": -0.043772956277540964,
			"cameraReadoutTime": 0.033313
		},
		"Imu": {
			"Tcb": {
				"rows": 4,
				"cols": 4,
				"data": [
					0.00724946,
					-0.99997246,
					-0.00158653,
					0.00197149,
					-0.99957782,
					-0.00729122,
					0.02812513,
					-0.01146647,
					-0.02813592,
					0.00138197,
					-0.99960315,
					-0.00075986,
					0,
					0,
					0,
					1
				]
			}
		},
		"Noise": {
			"cameraDelayTime": 0.0004,
			"cameraReadoutTime": 0.000004
		}
	},
	"PBET00": {
		"Camera": {
			"fx": 491.1509,
			"fy": 491.5723,
			"cx": 323.0872,
			"cy": 249.4267,
			"fl": 1.7731,
			"k1": 0.0236,
			"k2": 0.0027,
			"k3": 0,
			"p1": 0,
			"p2": 0,
			"imageNoiseVariance": 1,
			"cameraDelayTime": -0.043772956277540964,
			"cameraReadoutTime": 0.033313
		},
		"Imu": {
			"Tcb": {
				"rows": 4,
				"cols": 4,
				"data": [
					0.00724946,
					-0.99997246,
					-0.00158653,
					0.00197149,
					-0.99957782,
					-0.00729122,
					0.02812513,
					-0.01146647,
					-0.02813592,
					0.00138197,
					-0.99960315,
					-0.00075986,
					0,
					0,
					0,
					1
				]
			}
		},
		"Noise": {
			"cameraDelayTime": 0.0004,
			"cameraReadoutTime": 0.000004
		}
	},
	"REDMINOTE4": {
		"Camera": {
			"fx": 488.5485,
			"fy": 488.3768,
			"cx": 320.5716,
			"cy": 242.0813,
			"fl": 100,
			"k1": 0.1344,
			"k2": -0.2113,
			"k3": 0,
			"p1": 0,
			"p2": 0,
			"imageNoiseVariance": 5,
			"cameraDelayTime": -0.09579722183805148,
			"cameraReadoutTime": 0.033313
		},
		"Imu": {
			"Tcb": {
				"rows": 4,
				"cols": 4,
				"data": [
					0,
					-1,
					0,
					0,
					-1,
					0,
					0,
					0,
					0,
					0,
					-1,
					0,
					0,
					0,
					0,
					1
				]
			}
		},
		"Noise": {
			"cameraDelayTime": 0.4,
			"cameraReadoutTime": 0.000004
		}
	},
	"SM-C9000": {
		"Camera": {
			"fx": 511.1344,
			"fy": 511.4841,
			"cx": 324.6546,
			"cy": 239.0257,
			"fl": 100,
			"k1": 0.1422,
			"k2": -0.2636,
			"k3": 0,
			"p1": 0,
			"p2": 0,
			"imageNoiseVariance": 1,
			"cameraDelayTime": -0.06960324814414928,
			"cameraReadoutTime": 0.033313
		},
		"Imu": {
			"Tcb": {
				"rows": 4,
				"cols": 4,
				"data": [
					-0.02220649,
					-0.9997224,
					0.00787341,
					-0.03097991,
					-0.99974526,
					0.02223742,
					0.00386269,
					-0.01226614,
					-0.0040367,
					-0.00778563,
					-0.99996154,
					-0.00463852,
					0,
					0,
					0,
					1
				]
			}
		},
		"Noise": {
			"cameraDelayTime": 0.0004,
			"cameraReadoutTime": 0.000004
		}
	},
	"VIVOX21A": {
        "Camera": {
            "fx": 503.5958,
            "fy": 504.3211,
            "cx": 318.2048,
            "cy": 242.1245,
            "fl": 100,
            "k1": -0.0087,
            "k2": 0.0382,
            "k3": 0,
            "p1": 0,
            "p2": 0,
            "imageNoiseVariance": 1,
            "cameraDelayTime": -0.06183755853648048,
            "cameraReadoutTime": 0.033313
        },
        "Imu": {
            "Tcb": {
                "rows": 4,
                "cols": 4,
                "data": [
                    -0.00436647,
                    -0.9995707,
                    0.02897142,
                    0.00910381,
                    -0.99990954,
                    0.0039957,
                    -0.0128432,
                    0.00764741,
                    0.01272193,
                    -0.02902488,
                    -0.99949773,
                    0.00877405,
                    0,
                    0,
                    0,
                    1
                ]
            }
        },
        "Noise": {
            "cameraDelayTime": 0.0004,
            "cameraReadoutTime": 0.000004
        }
    },
	"VIVOX21": {
        "Camera": {
            "fx": 503.5958,
            "fy": 504.3211,
            "cx": 318.2048,
            "cy": 242.1245,
            "fl": 100,
            "k1": -0.0087,
            "k2": 0.0382,
            "k3": 0,
            "p1": 0,
            "p2": 0,
            "imageNoiseVariance": 1,
            "cameraDelayTime": -0.06183755853648048,
            "cameraReadoutTime": 0.033313
        },
        "Imu": {
            "Tcb": {
                "rows": 4,
                "cols": 4,
                "data": [
                    -0.00436647,
                    -0.9995707,
                    0.02897142,
                    0.00910381,
                    -0.99990954,
                    0.0039957,
                    -0.0128432,
                    0.00764741,
                    0.01272193,
                    -0.02902488,
                    -0.99949773,
                    0.00877405,
                    0,
                    0,
                    0,
                    1
                ]
            }
        },
        "Noise": {
            "cameraDelayTime": 0.0004,
            "cameraReadoutTime": 0.000004
        }
    },
	"VIVONEXA":{
        "Camera":{
            "fx":491.8725,
            "fy":492.6104,
            "cx":326.9861,
            "cy":267.2919,
            "fl":0.64,
            "k1":-0.0327,
            "k2":0.0994,
            "k3":0,
            "p1":0,
            "p2":0,
            "imageNoiseVariance":1,
            "cameraDelayTime":-0.05422647999373669,
            "cameraReadoutTime":0.033313
        },
        "Imu":{
            "Tcb":{
                "rows":4,
                "cols":4,
                "data":[
                    -0.02825034,
                    -0.99951885,
                    -0.01280571,
                    -0.00021167,
                    -0.9995079,
                    0.02842012,
                    -0.01327634,
                    0.0114424,
                    0.01363389,
                    0.01242435,
                    -0.99982986,
                    0.00010287,
                    0,
                    0,
                    0,
                    1
                ]
            }
        },
        "Noise":{
            "cameraDelayTime":0.0004,
            "cameraReadoutTime":0.000004
        }
    },
    "FRD-":{
        "Camera":{
            "fx": 505.1399,
			"fy": 505.1336,
			"cx": 319.2305,
			"cy": 242.5962,
			"fl": 1.05958,
			"k1": 0.0381,
			"k2": -0.08,
            "k3":0,
            "p1":0,
            "p2":0,
            "imageNoiseVariance":1,
            "cameraDelayTime":-0.04326497732189596,
            "cameraReadoutTime":0.033313
        },
        "Imu":{
            "Tcb":{
                "rows":4,
                "cols":4,
                "data":[
                    -0.001927,
					-0.99989155,
					-0.01460029,
					 0.02396902,
					-0.99998083,
					 0.00184084,
					 0.00591229,
					 0.0002027,
					-0.00588477,
					 0.0146114,
					-0.99987593,
					 0.00760974,
					 0,
					 0,
					 0,
					 1
                ]
            }
        },
        "Noise":{
            "cameraDelayTime":0.0004,
            "cameraReadoutTime":0.000004
        }
    },
    "DUK-":{
        "Camera":{
			"fx": 508.41,
			"fy": 506.0071,
			"cx": 318.4654,
			"cy": 240.7918,
			"fl": 0,
			"k1": 0.0353,
			"k2": -0.0812,
			"k3":0,
			"p1":0,
			"p2":0,
			"imageNoiseVariance":1,
			"cameraDelayTime": -0.023891166327888746,
			"cameraReadoutTime":0.033313
		},
		"Imu":{
			"Tcb":{
			"rows":4,
			"cols":4,
			"data":[
					0.01216132,
					-0.9999226,
					0.00262524,
					0.02382162,
					-0.9998832,
					-0.01218506,
					-0.0092257,
					0.0130316,
					0.00925698,
					-0.00251274,
					-0.999954,
					0.00028366,
					0,
					0,
					0,
					1
				]
			}
		},
		"Noise":{
			"cameraDelayTime":0.0004,
			"cameraReadoutTime":0.000004
		}
	},
	"NEO-": {
		"Camera": {
			"fx":490.333588,
            "fy":490.318059,
            "cx":322.42948,
            "cy":240.179781,
            "k1":0,
            "k2":0,
            "k3":0,
            "p1":0,
            "p2":0,
			"cameraReadoutTime": 0.023903
		},
		"Imu": {
			"Tcb": {
				"rows": 4,
				"cols": 4,
				"data": [
					-0.00694,
					-0.999976,
					0.000365,
					0.023687,
					-0.999958,
					0.006937,
					-0.005973,
					0.021854,
					0.005971,
					-0.000407,
					-0.999982,
					-0.004433,
					0,
					0,
					0,
					1
				]
			}
		}
	},
    "VKY-":{
        "Camera":{
            "fx": 535.0433,
			"fy": 532.2102,
			"cx": 322.2457,
			"cy": 247.8437,
			"fl": 0.35677,
			"k1": -0.0121,
			"k2": -0.03572,
            "k3":0,
            "p1":0,
            "p2":0,
            "imageNoiseVariance":1,
            "cameraDelayTime":-0.036422024075938364,
            "cameraReadoutTime":0.033313
        },
        "Imu":{
            "Tcb":{
                "rows":4,
                "cols":4,
                "data":[
                    -0.00200033,
				-0.99999723,
				 0.00123962,
				 0.01913344,
				-0.99961741,
				 0.00196537,
				-0.02758938,
				 0.01379396,
				 0.02758687,
				-0.00129433,
				-0.99961857,
				 0.005531,
				 0,
				 0,
				 0,
				 1
                ]
            }
        },
        "Noise":{
            "cameraDelayTime":0.0004,
            "cameraReadoutTime":0.000004
        }
    },
    "CLT-":{
        "Camera":{
            "fx": 496.4425,
			"fy": 496.6046,
			"cx": 320.785,
			"cy": 237.9825,
			"fl": 100,
			"k1": 0.0617,
			"k2": -0.0718,
            "k3":0,
            "p1":0,
            "p2":0,
            "imageNoiseVariance":1,
            "cameraDelayTime":-0.04192798478188374,
            "cameraReadoutTime":0.033313
        },
        "Imu":{
            "Tcb":{
                "rows":4,
                "cols":4,
                "data":[
                    0.00141889,
			   -0.99999749,
				0.0017327,
				0.02984695,
			   -0.99998806,
			   -0.00141077,
				0.00467936,
			   -0.00734612,
			   -0.0046769,
			   -0.00173931,
			   -0.99998755,
				0.00159306,
				0,
				0,
				0,
				1
                ]
            }
        },
        "Noise":{
            "cameraDelayTime":0.0004,
            "cameraReadoutTime":0.000004
        }
    },
    "M5NOTE":{
        "Camera":{
            "fx": 482.5588,
			"fy": 482.2245,
			"cx": 319.9565,
			"cy": 241.624,
			"fl": 100,
			"k1": 0.0407,
			"k2": -0.0874,
            "k3":0,
            "p1":0,
            "p2":0,
            "imageNoiseVariance":1,
            "cameraDelayTime":-0.1844471829898032,
            "cameraReadoutTime":0.033313
        },
        "Imu":{
            "Tcb":{
                "rows":4,
                "cols":4,
                "data":[
                    0.00206448,
				   -0.99995484,
				   -0.0092765,
				   -0.02322701,
				   -0.99999781,
				   -0.00206755,
					0.00032108,
					0.01425405,
				   -0.00034024,
					0.00927581,
				   -0.99995692,
					0.01306766,
					0,
					0,
					0,
					1
                ]
            }
        },
        "Noise":{
            "cameraDelayTime":0.0004,
            "cameraReadoutTime":0.000004
        }
    },
    "MI5X":{
        "Camera":{
            "fx": 667.8693,
			"fy": 667.306,
			"cx": 317.0426,
			"cy": 239.4082,
			"fl": 100,
			"k1": 0.1352,
			"k2": -0.4284,
            "k3":0,
            "p1":0,
            "p2":0,
            "imageNoiseVariance":1,
            "cameraDelayTime":-0.0783375109644432,
            "cameraReadoutTime":0.033313
        },
        "Imu":{
            "Tcb":{
                "rows":4,
                "cols":4,
                "data":[
                    -0.0081193,
					-0.99996631,
					 0.00120246,
					 0.02052278,
					-0.99996648,
					 0.00812057,
					 0.00104906,
					 0.01407641,
					-0.00105879,
					-0.0011939,
					-0.99999873,
					 0.01481962,
					 0,
					 0,
					 0,
					 1
                ]
            }
        },
        "Noise":{
            "cameraDelayTime":0.0004,
            "cameraReadoutTime":0.000004
        }
    },
    "OPPOR9S":{
        "Camera":{
            "fx": 543.9218,
			"fy": 544.0412,
			"cx": 319.3966,
			"cy": 235.4122,
			"fl": 100,
			"k1": 0.1156,
			"k2": -0.3287,
            "k3":0,
            "p1":0,
            "p2":0,
            "imageNoiseVariance":1,
            "cameraDelayTime":-0.07558142335562655,
            "cameraReadoutTime":0.033313
        },
        "Imu":{
            "Tcb":{
                "rows":4,
                "cols":4,
                "data":[
                    -0.00820049,
					-0.99941174,
					-0.03330052,
					 0.04286756,
					-0.99995207,
					 0.00837394,
					-0.0050725,
					 0.01673134,
					 0.00534837,
					 0.03325732,
					-0.99943251,
					-0.00594457,
					0,
					0,
					0,
					1
                ]
            }
        },
        "Noise":{
            "cameraDelayTime":0.0004,
            "cameraReadoutTime":0.000004
        }
    },
    "OPPOR9SK":{
        "Camera":{
            "fx": 556.7295,
			"fy": 556.6305,
			"cx": 319.2234,
			"cy": 244.4424,
			"fl": 100,
			"k1": 0.1128,
			"k2": -0.3826,
            "k3":0,
            "p1":0,
            "p2":0,
            "imageNoiseVariance":1,
            "cameraDelayTime":-0.09382864045061942,
            "cameraReadoutTime":0.033313
        },
        "Imu":{
            "Tcb":{
                "rows":4,
                "cols":4,
                "data":[
                    0.00938519,
				   -0.99966847,
				   -0.02397653,
					0.03651824,
				   -0.99994139,
				   -0.00951176,
					0.00517064,
					0.01709137,
				   -0.00539698,
					0.0239266,
				   -0.99969915,
					0.00758238,
					0,
					0,
					0,
					1
                ]
            }
        },
        "Noise":{
            "cameraDelayTime":0.0004,
            "cameraReadoutTime":0.000004
        }
    },
    "OPPOR9SPLUS":{
        "Camera":{
            "fx": 524.7331,
			"fy": 524.8843,
			"cx": 312.5004,
			"cy": 248.6373,
			"fl": 100,
			"k1": 0.1261,
			"k2": -0.2824,
            "k3":0,
            "p1":0,
            "p2":0,
            "imageNoiseVariance":1,
            "cameraDelayTime":-0.06719071753056483,
            "cameraReadoutTime":0.033313
        },
        "Imu":{
            "Tcb":{
                "rows":4,
                "cols":4,
                "data":[
                    0.00473858,
				   -0.99998724,
					0.00174974,
					0.02391565,
				   -0.99995462,
				   -0.00472395,
					0.00827256,
					0.02106969,
				   -0.00826419,
				   -0.00178886,
				   -0.99996425,
					0.00795558,
					0,
					0,
					0,
					1
                ]
            }
        },
        "Noise":{
            "cameraDelayTime":0.0004,
            "cameraReadoutTime":0.000004
        }
    },
    "PAAM00":{
        "Camera":{
            "fx": 487.6678,
			"fy": 486.9686,
            "cx": 316.5797,
			"cy": 240.2199,
			"fl": 100,
			"k1": 0.0283,
			"k2": 0.0121,
            "k3":0,
            "p1":0,
            "p2":0,
            "imageNoiseVariance":1,
            "cameraDelayTime":-0.07796105763321008,
            "cameraReadoutTime":0.033313
        },
        "Imu":{
            "Tcb":{
                "rows":4,
                "cols":4,
                "data":[
                    -0.00388916,
					-0.99996747,
					-0.00706622,
					 0.02677664,
					-0.99999239,
					 0.0038868,
